49088988
46842226
77728521
66037690
54306088
78601665
69261927
66588508
74656094
63149715
48752873
63867175
51180792
75075416
75651692
49076829
45804971
61385084
59359794
47915757
74569359
56009760
48812936
69512480
68789210
56998129
69673543
70417381
59601601
59777441
59973077
64423325
65204496
51963187
56019993
75904656
72536905
59352878
66700239
46212714
48437770
76571215
47613848
56783637
60940953
68088004
72448470
68432669
66850601
63227897
68777658
71228995
46646652
51107526
55175644
78297184
70501379
50558066
47382401
59006105
66691353
74886152
49951862
46450878
54245279
69301570
59757349
48973730
75826001
73048945
71982209
63999515
57956401
50385282
47707995
65353043
69818296
53305620
59742502
60453208
71740520
60270338
73345175
77683108
58141060
66361246
73445860
75398303
66851611
51950874
56818759
60379785
70542993
70999099
66607408
51616109
73908092
73891281
56388597
73044171
60558045
54366434
48275860
52557797
70304105
74262369
77555417
72871465
48925330
63631889
68937945
52509678
59395432
51317124
51712957
64893721
50126653
60003721
75185769
64107201
54192127
65463183
55790371
50895200
54123743
50417464
74696859
52151566
68237159
53959409
49156883
46703092
47596345
66998512
48016556
67578881
52333754
49799613
63839942
61165224
68929602
59995759
62826027
71156019
57808969
69122733
67152350
65704110
58762726
47611604
56784198
62362260
60205018
58240519
52905796
51274752
60718639
54143971
77045659
64508394
47535197
72223257
47810730
64497244
53535403
57329943
50725858
77160185
55110345
61073269
77626101
74495210
64121962
54979856
60629345
57835080
55632403
55300845
63647130
60946056
75003554
71861481
67006092
58629947
75240311
68234540
59356720
64877812
64644314
67968336
72453617
78078653
78750623
68709710
76393725
75274462
64598691
56429942
51634732
73880416
66280520
58358722
48461346
63918316
61977649
70760443
68775050
54113355
75928536
49634813
49157342
59524143
55424311
78491619
56504930
58248846
74648020
54788499
49294445
67908438
73200602
49088498
52101224
63965962
69455768
61848601
51118992
59026817
46315882
64902495
78306983
57847665
70368290
66003997
67034234
77594784
58446414
68020732
52876690
65197247
57345794
69289997
70329954
52628125
50063726
47019649
72830577
69895654
50724822
70039850
55715672
59515710
75381684
66480407
70755063
60661014
48689064
68431966
58600426
50884142
70515810
58169817
67104239
76097699
48397389
66593906
72448648
51604154
65226681
53981687
61934025
72956987
49452330
72810534
53625576
76775024
48295252
70670865
53711238
73088798
66694786
68409857
70512721
60682513
72139902
56687749
63731843
65992936
78453967
47542774
48590160
75859586
51935969
76248503
53241429
71730584
70009359
65592197
71482828
67712126
69373867
46474483
78537238
71201934
67627519
73051373
63357908
49774565
47786739
77687373
66983057
67683164
75693164
49609899
51692010
77114848
47847761
75958836
70797596
68531694
60883280
55648411
73139500
75834769
76825879
63781550
62992549
59596106
57295782
71241827
55749186
78038697
49063169
66061019
70149948
76508572
50777387
77836262
50672660
46485324
49607404
56465163
49704781
71758865
52846104
75482396
75218152
55604418
76160132
47407643
58421388
53625978
69595047
53931774
77805090
55658428
59473491
56967275
45999785
66727593
73162131
60960911
68504178
78544847
61266165
58793410
47061196
56654409
60942480
53171237
69643547
51706124
65308413
70389693
78051023
68796872
64599485
60065340
51060665
54428657
70121439
77221237
62989172
54565475
60483697
45881678
55338870
70324502
61360168
57702521
76722313
75182004
75715063
64500205
71266171
67492779
60618384
55449471
71201021
52375389
66082116
78621463
67151525
53265826
66926149
49736660
49199982
45973048
70992440
72549319
67445772
46819531
69501903
63954084
58786219
47077837
72071060
77843841
65445786
53994835
60413203
52778882
46882146
75908093
75590846
78637789
50824448
57728547
60252160
77820655
46500980
78354971
68577903
55440571
78423927
55813256
77291191
56968172
48645333
49445894
73215749
60857232
61512102
74201708
70602424
67537310
49978390
49725586
72506699
58483773
69724499
48263123
70596802
48904808
75074486
58723086
69792401
73901741
53903159
51726896
73568198
64617385
48938078
69799614
65427802
54596443
46362671
55543466
50469050
56746135
62454635
73680928
72096384
75848574
69027136
77219648
71829944
51272387
64867439
63261836
66141453
48588323
64377761
71070395
75481011
74985950
48224120
46195992
75538279
60325326
53460193
56657154
72745344
58025686
49454391
58706689
50558034
62914525
55426197
76431018
66254406
76888540
48414878
59473724
70522509
50099728
67474263
47236867
70054222
73455432
61951670
60166552
59959680
66589878
72013529
54363897
77026272
67151171
56172413
77156886
69166007
67394769
72978624
55685174
45802395
52530427
62294350
51608354
76730243
47550993
58916273
73971668
73507787
75393883
59786986
49746297
57115258
53226097
75296892
76051755
73329258
60652344
70822764
45924080
49730727
52740967
78103966
74742586
61296650
51150758
53155376
70152379
63469196
78520044
78075410
75895288
78000925
49955922
45789928
69554334
51615024
71865278
67259671
50649768
53083620
64465287
62759606
46751941
46514360
51154889
73288794
48731149
54689988
60846802
65197267
55890528
46316577
57806148
66608117
62340296
47574808
65336813
65087880
51491374
53409370
48824438
58395768
51282541
70280832
62957733
64137737
62123559
52932645
49077963
66376964
59326592
70567449
73873872
48137747
67027456
57565282
65944219
52270310
47158142
66512829
78034153
61784280
51015842
76791701
48079169
57228934
71734840
70362668
73227912
68204352
50440161
53446233
68733252
48286643
73044544
54879555
46845518
48783058
53462423
67146926
73810228
78304403
77070879
51865138
67450382
59114801
69379549
63186790
70198568
57194752
64137231
62446179
62683689
63214207
53180114
62252443
63847282
57616599
51872638
78954840
57858793
45846353
60278604
68318665
52810414
50728430
49260626
52528655
52592785
71175471
63183518
57539837
59386675
56229780
55395575
53872588
67329744
71029514
67977368
47473671
57946942
76345000
50724790
78041216
66332977
63056027
54214295
76667094
76680495
49662364
72745978
69459792
56987412
65977469
70897323
67713700
68694118
64347744
58846092
59390657
76085981
64950612
54864998
61985044
49015376
58528626
70730877
77050066
53828379
73827681
50805486
63293278
55947687
62149854
53788389
52986364
51853771
77556316
65014339
50466233
58316029
76528921
61045879
64229010
78167171
76354793
72128211
55390424
58521422
76074379
48577767
53000896
49086713
60194462
56495450
52990450
54791724
46620750
63211051
53334391
60305515
58127900
57312140
58078597
74398333
72819373
74020318
62024711
52374913
50315286
68378961
57214271
65943941
74495355
51826631
67006206
49336293
63296549
73306613
58608685
78975003
56840070
69533285
69170397
54003793
75262678
49403832
61973833
60449069
69052380
59043991
70047545
78528329
78913175
70960223
78919428
73242711
51148583
50000802
50319614
58767579
73318169
46110293
57505475
69040505
70886001
54356149
57541049
70713182
77838543
66551473
60083507
52087699
54780737
75879193
48434872
54816381
63150868
47585329
77164819
54382297
69006412
46450238
74621084
58441479
48619663
72009997
73934227
48399947
54796436
57794446
68391970
54060447
69255504
73807832
53929493
76913745
53275495
73219960
54312989
69231360
68112960
54014028
75743650
61061977
71569410
53141837
71663216
72025944
51126357
73739137
51323680
69774719
52860610
46901934
71181303
72982076
63412589
75921641
72315086
75248006
47575255
61807195
50286920
58457248
50833216
62354802
72827822
71319482
52586942
65833527
68571249
78379431
62196221
60262732
74437156
61405770
64249074
46379022
68105726
47234260
62265122
51363726
68425105
72046716
68148825
64501612
53520439
47974757
71818882
70171683
75577692
50392439
72999168
51956137
51393460
68983675
61906216
71964279
59776740
76794235
58724518
59324219
56810631
61038560
69945205
71460924
75676621
47859691
71022606
78498440
46620323
65550006
66551959
51976136
73557097
49892305
65202781
74748854
71506903
63687086
49488166
62834468
64979927
62767760
49521687
47914323
65364122
68368770
78829593
54114726
56921336
71512627
71660303
64718110
71789121
72897176
50100773
61838123
47984130
47791674
76700880
58330634
68473172
71743808
71360930
64180869
58344026
75419417
61436339
73566268
76427842
51565227
46211411
58138523
52610771
50052294
58655245
71950252
73927589
59695920
48801430
59931485
70449026
66118396
71771713
53385666
49376628
54411217
48539449
60685956
48383553
57075201
47224878
51779174
47213120
48303688
78844294
53310426
51428556
78678627
76219422
61267753
62056280
67583141
74262773
78065653
70752131
51222702
66397397
52203176
61254107
54054255
76492270
66480089
73296174
47452522
53873419
56393197
65695763
76461635
58647378
48224268
75857985
76043217
56882549
55688527
46017522
45871401
45987697
55413948
72425329
63521875
66160835
51697621
48409355
71974068
73160114
50791152
78329549
75316694
55321441
62905222
63332585
51305113
53083909
61380764
65814029
70968549
68501303
69339845
72177549
45798510
68503393
76422515
69126886
75753785
48279780
78340996
74726891
58217112
55684678
71959893
45907873
58610746
71431812
68146272
69369191
49156748
72460355
75949097
67296259
46106186
55857185
76258080
72859173
78790483
58359155
56842446
59456010
51935005
64179177
46865696
64662055
53904442
77823850
59768576
67163344
46813718
61946149
77228130
63768611
68302328
51879921
58625440
47963788
48089199
54094185
58630620
74997285
48184302
47517400
67728412
78464443
52189823
65928650
68854902
63347691
53141724
69873105
62078123
63179806
62841475
68982396
46625754
54388461
74930937
67235329
49186480
63237569
72643927
62372132
66164063
58770767
52500403
58400225
75350885
51662895
66761577
68577384
75250275
66311502
66507926
71442885
74051005
64863243
50400779
65675026
58501223
67949620
77236974
45976552
52665330
62205780
45981286
60181568
55586772
70587444
63467490
74173901
70319159
59544276
78160802
56595700
58559883
50554660
53988107
57006178
65827334
68206087
78629300
54995873
53475965
52467253
47675945
74412139
54205154
67797981
71977036
73035729
66415578
54260064
64280160
65693952
54450815
53474001
70037665
67228760
77608325
63098599
66881416
51660291
70483344
65054704
66782303
68265400
54331730
58902817
52349694
75188638
50306244
56543673
51596409
58460683
72774912
50292879
62138602
78445831
78281153
74723106
57061204
65608421
65701200
54692217
78138879
64836744
57426452
55162764
53937988
70235786
75792262
73449807
51469282
72850088
47306434
77305474
57395056
78252187
60497744
71842157
61566992
47472209
72952486
51293835
50705442
78532729
48917906
56054497
63748499
70826328
71578949
72867919
78797631
78090099
46674112
46367646
49013403
63859458
63135733
56502348
52119604
61655191
63387968
76178851
61242546
72072290
69374575
54780142
52324424
57978330
56201681
69786979
50004930
67140607
66836375
78674602
54224878
53941764
78763491
64975434
51401146
69651423
64597875
49350648
60032104
63732285
69795686
46072047
58831157
66499339
50828699
69616788
54280545
48416750
60629305
61712378
59818857
78815988
62528902
61613045
61503855
60753866
61702396
64917252
51754059
51946169
76682623
58182429
46492859
68767327
66228427
49290941
77017943
67458110
58370795
57659762
78412395
49904098
54435687
57624268
76399199
74425984
61958621
57308515
75541974
77652643
72509104
59411354
76072904
52594080
72803146
62593901
78266051
61430401
54549391
74871892
73681731
61216767
47303953
57725006
70110696
63030424
58743559
48276633
49854453
54965591
59120649
70164338
61424732
57973590
59547670
64102543
51135279
75042690
72665613
56585462
68679990
54359321
67212061
47853898
56073152
59236845
70602992
66641989
48404298
59237220
65349851
57356385
72481411
57548230
65665282
68817197
56257919
72792162
72484745
49642068
60063671
78039602
48119327
68166321
75219991
77194029
48474798
72226561
55692686
63097986
49992284
61690664
54408286
76090732
75475477
50564771
47390254
52158707
51520395
61051304
77180346
64363287
78442756
73731169
62934206
73283773
62723750
52867523
66947853
60482803
71617190
53832334
54597223
53939525
50761246
63699221
67334677
54049342
58203101
73208983
73874337
71515491
47124935
48935826
57151814
73913298
60282390
58786597
60556361
53802995
64093970
74261698
51583457
48847827
68603377
61877432
68471945
46899109
75012841
57761031
51799245
49813891
46408774
60468258
74086801
71938717
47331093
72259544
58018961
47195204
53463771
66196044
71094510
58953088
48028568
74573173
75629906
58202556
61453192
56959828
65033610
73970755
59990811
67511643
77857319
70130901
49868377
64832293
69860307
51008246
58871781
56655551
49013048
75582007
66398799
47192067
46842677
63607974
71737856
68918721
61548046
47729058
54346317
50565446
72493162
70096646
55451077
47662168
60360391
70700719
52301283
65074884
76108927
74666750
66268257
75830839
55543933
76438790
63016511
68169103
49567982
69349837
68914664
70373694
60628393
70503984
56821753
54880311
62770466
71866846
52195250
49232563
53517568
58371322
72242551
63745511
65490952
46105590
63334814
52782657
59814217
71389943
72365269
77022656
59095636
64316905
63530894
59903519
68519291
76514476
76341031
53917032
71771838
63971387
69449260
56974760
48780624
73996062
55208849
56168546
53168782
46264272
46231513
67945686
53036562
57286023
59670813
73465741
71803926
54647255
67420128
66763440
72514907
70654984
64180542
66351863
57973654
46051078
50524250
47173739
73269735
55942876
65644990
75557569
65895202
69883156
47948262
65032709
60163780
57653081
53825407
50225319
73538283
71269283
73218941
62095166
52886191
62194752
67666259
51343625
65066009
59404115
69854366
77647799
59466375
77107650
57370573
74321285
51869548
69614083
59660207
48325388
49843077
71431709
66056858
75577189
60326273
75815086
45938504
49354399
49107224
77349127
52369466
56477004
52907907
46451563
76167019
74040557
61158525
55558731
69076535
51281879
54458668
50699151
70557166
76415202
51153077
50089652
65165876
67438441
74040872
73776123
52524766
58287346
76478263
59566211
55027417
51900787
46378212
75306033
58379785
54306175
56089073
57855127
57124582
53820680
56366971
48364452
73870894
75622617
78464558
45998531
60575969
49524038
74935507
76880765
78932831
70569871
53470244
71117963
69316437
51054040
78812262
49577357
75679677
52704767
77033668
78790146
47634468
75547453
72277316
68106870
73345177
67767044
53901951
71495567
64861998
75790410
46339983
48019483
71507333
51033017
49577833
52659425
49141217
65415464
74921334
77255420
74508971
76598164
59099643
47289053
54453823
66028902
74594054
48427012
64727136
73473447
57717141
60107413
77839888
62654374
62149240
61417347
78871689
45703305
60279185
61475792
56498068
48996094
47339622
78183281
63736068
70481569
48932636
62533900
66255124
49448164
61348372
54339966
45835115
58338865
69205394
53028690
75055963
58205544
67815883
53608923
46565175
75283752
71237579
65524521
76465089
46309321
61984420
75027307
59188500
68991982
54418152
73212773
69886831
67336983
47281113
49260740
64372655
53689322
52171867
64528989
53228438
58424801
70084157
62930224
54995043
54445253
76946055
46590449
72799844
69490378
74938661
76829764
66292160
48889770
58433551
78510118
66972088
69188928
52267213
56591414
47898466
47316247
75556155
50905955
78303054
61117509
48772947
56897008
75670067
75370627
60529155
76566416
55756820
78058481
76559647
75509736
75111134
54815350
63540791
50358825
46738048
63013522
75850715
74218673
76313451
66929051
76959093
69330660
53222352
53493582
77250553
67339482
51434127
46442641
61818609
61133780
63301217
60060939
68071070
70751792
47758021
64628694
62236990
68878632
78740247
59664373
70196364
60204412
67379753
69785767
62321335
67156236
58681097
60884971
53915361
63816958
65240905
55040650
58386848
46066824
72857056
58083700
48518043
56244645
52242393
47247218
73302035
78412331
73716718
60883012
59988290
76580934
60219769
55081224
57986080
62866450
66750832
67490321
51863725
62789827
71296349
59361957
62951709
61786669
50314701
55269051
70466945
58670313
76626688
51825088
74566073
63309711
59860274
57796492
78208046
58960464
61533392
76575335
62306723
64908557
65102192
72805975
65642446
46171992
71838765
77179383
70665851
68325834
72884993
55252523
55175278
68382359
72775118
50907841
52466293
77038555
51015530
66236460
50406473
64213033
72799628
51052612
58634595
45884446
76578970
69969274
57588115
56002404
57129712
50373655
52101057
69992075
51198014
78500779
65858709
61290554
64387734
71814118
57158306
46519325
60569841
50589414
77424330
49876487
70958683
66806967
48946804
66098766
54483175
76806329
49588657
55259145
56029225
65235679
59306232
61379288
57401935
51462132
46506928
66952345
66535131
57897062
66219102
46644857
76015124
77515443
69842943
58910071
77973491
63496608
65484198
61448566
77538965
75100676
55784348
47955184
68340412
64274822
45915157
67697904
58767116
47826953
48909882
74043230
50898530
68025458
65187664
69430057
65082931
55294773
48474302
66456595
67829736
66386932
69922102
62577432
64580103
49693019
71279505
49525919
58555098
46672870
71175103
72051256
78152678
49634772
75886058
53436437
74107390
68820981
75722242
52765193
57495750
62342731
77140636
73939936
64704915
50127501
51132959
66958951
55347155
76874847
48916211
53224545
55963465
50983249
67345154
62064984
66062509
63235882
71806541
61527859
72383304
67878178
61489608
70009458
63878722
56003614
64148119
66682314
66802214
51246091
65410480
75715418
65318689
60694701
60658069
50312146
46253619
77229198
65972674
47059752
59155040
64343065
50269461
48194179
62114594
77077570
57125767
71444430
58565825
72141958
65170692
65191976
52441075
68000262
57991366
45818301
52522158
55043490
47261444
66480467
60952377
47029317
61966931
73042149
63503906
76358968
59733567
50956814
67678821
56100494
50130813
56797727
69212069
49792339
78708410
76391843
78740399
51535540
59636761
60291072
48900159
47384533
70186196
47111177
59519840
47458444
66000909
75476747
67969253
61208519
46679025
78345180
76765936
57714577
60041365
69372795
62847496
53239295
73523782
48118776
59401370
67662037
54467845
62504074
75375830
49834551
71279412
63409190
56801547
68326684
71694004
61263812
48802839
48697297
63614467
55411245
46193052
67675713
57760993
76120825
72031815
58474887
47461404
75353173
61376211
62279123
54660885
48869235
72684465
75529082
58043740
69928696
61589776
46090995
59613018
74162824
73872980
71439306
67808989
53077429
50800069
46042975
77464888
66685473
55055711
48002554
52575495
73369967
54068478
69317656
61491373
69227531
71927374
57293274
75954081
51621899
68207808
48835852
72311103
78456338
74543682
58118572
67089196
50210740
68101481
77450005
46284050
72599165
70172626
63714587
72738601
75086426
64065069
72947997
74716632
59477670
76218859
75880328
52871102
53558671
71899230
77876152
68228160
72466822
73670385
70245851
67272731
63002514
50523042
66853862
78122893
62593754
61637742
77863684
46567725
53128990
75683690
76703449
47409791
58262367
70882891
61933169
66113777
46978604
73135751
63135126
62790653
71047481
71159969
52567601
56804890
61374356
57377458
64518100
47919231
50117609
70325257
71053018
58904877
67737491
50916519
75966234
56476696
78944045
57843768
73494182
45767356
72094937
47851715
50969325
71018408
71891771
73422815
75347472
69119190
50842055
77631001
68602360
74666941
54368043
70569432
46142507
47141611
65057970
74701079
76015777
72873823
67336257
47341929
71974070
66188270
50135611
68127580
65765398
70367192
46279050
59130106
73411567
67047206
48626614
47176437
45962934
45866557
60893029
72959116
52309060
62365306
70153412
50855519
48647585
48082002
67159677
65781721
54791636
61229694
76212118
64938099
51496332
77162068
47912078
65691039
75546620
60242716
49986462
73391969
50354231
73666320
65414915
62207078
71113344
64227811
73158346
56578828
59726379
64582812
58380661
51203436
60310372
54803903
76765417
71841636
72116205
69568158
76602555
76191201
63662769
54169626
55989930
52024546
61559361
62546730
73488206
58225648
59194761
48743990
63459382
49986904
58835075
46471983
57489121
54441575
55426481
60410069
56389715
53994920
68503060
76149271
64703235
51547760
70983743
74287339
50936987
53885054
72315913
78366141
63924526
48993343
47007790
72267663
62845593
54035623
64246915
55977761
59293317
63060289
64240521
47165857
46566314
74005545
73811356
58954455
68702858
69798152
55838528
57988614
64388563
76555303
66641599
64745626
47464038
53366491
55431494
68291586
54236146
78408791
51190225
49821220
54761623
48689135
53746238
72313841
64777791
68246724
76265477
64158983
63929628
57135385
70871312
72813990
73890618
56527305
70643236
49011328
72441860
47599826
56713036
69428858
76579830
74814356
46014121
69363572
75974409
77161782
59992620
65527413
76048942
62689816
78155053
65120330
47362932
65562802
48019889
48810489
68602776
51440195
57536060
69850462
67975720
49536501
56680788
60377182
74527655
67349947
46109749
54298448
62439611
46038593
50121764
60721528
72301371
73020927
63286556
66955817
58446036
75038245
56412239
55043094
72244436
71235619
47031827
61813205
47121997
47175632
73239612
54993838
45968739
54727227
70705025
65819108
67242118
47699200
61487531
78232348
61178774
64561491
75086937
48997327
65631990
64958422
63325072
58797342
71773478
56913611
56755608
67679588
74283959
50848810
78609321
57021786
57671628
64617406
53375594
52482032
77475584
57498365
56627979
53008961
67812614
65895738
49549218
56503434
68838652
78569519
45709961
53244782
77528395
59594991
62090424
59318245
71418870
50105279
73561158
48077963
62146808
77410730
46759642
61799496
59989656
50333551
49303721
53372976
78732898
54130624
61724262
75701240
50314638
69670097
71474146
64700379
74468775
47549596
59339669
55790513
55642489
50370581
59004529
67556572
49516160
70864260
78087295
64003942
64235812
54671347
68148302
47557266
46518386
64966897
54570494
56258146
72791476
72797943
54462504
71229672
58185625
46830240
46729552
75261676
57111864
54468183
73747297
70649096
76052809
67784438
69687955
59452016
49514505
59740219
75085512
76586359
54175167
69592816
69329621
58973973
52626780
51419881
76656472
62296689
70249532
62191693
64405972
46480109
51741446
69932660
56036778
52040924
57019247
54006313
56463988
46375999
47547313
68013173
65457596
49606620
46354331
59746967
49713710
74945007
53631111
65707456
70946219
59265516
63543193
54486734
64769172
47279683
61478013
60365923
46911637
78533653
61844475
45749945
73274464
66849366
75156369
55678068
76354277
45855958
62525888
49258671
74743253
60539068
74783340
66607555
77386908
65914747
64204989
59926107
48695245
67188602
75121410
56827023
67913382
57840880
62304951
71125609
62625449
52272290
68106875
58916773